{
	"precisionDigits":80,
	"solvePrecisionDigits":60,
	"taskData":{
		"generationDescription":"Synthetic deterministic 5-orientation task generated from a known spherical RR dyad.",
		"G_true":[
			0.0559100967930470171862313818309,
			-0.0405622270851517575664815907401,
			0.997611531013191875283736420905
		],
		"W1_true":[
			-0.720480498584683290092393361490,
			0.631654135745475761176892810074,
			0.286218280259668704283279554565
		],
		"beta_deg":[
			0,
			28,
			-33,
			47,
			-59
		],
		"alpha_deg":[
			0,
			-18,
			24,
			-31,
			42
		],
		"orientations_Ai":{
			"M1":[
				[
					1.00000000000000000000000000000,
					0,
					0
				],
				[
					0,
					1.00000000000000000000000000000,
					0
				],
				[
					0,
					0,
					1.00000000000000000000000000000
				]
			],
			"M2":[
				[
					0.912091571737768960041807274138,
					-0.399276941930784223385256530981,
					-0.0930961245558987922661849744467
				],
				[
					0.353550607801221714709751004197,
					0.880963670903283050298715462064,
					-0.314491618762724263967579987902
				],
				[
					0.207583555438076457617913676630,
					0.253930963434972144692661938217,
					0.944684144738691947943285148068
				]
			],
			"M3":[
				[
					0.837590041782225761157986747512,
					0.375424149873508042540483586700,
					0.396862229998022203920892515644
				],
				[
					-0.463014058262110487447570686532,
					0.873395720869995481336959841914,
					0.150989723549756506802708019229
				],
				[
					-0.289932584851893214595767400187,
					-0.310220280539062614669466733263,
					0.905374217538452455827740636179
				]
			],
			"M4":[
				[
					0.787681987675713509393570040175,
					-0.616081817972429332881466103249,
					-0.000529013254617067821396623622572
				],
				[
					0.517935222625992316174970348611,
					0.662662654086147037167265341835,
					-0.540944832716671037559100507881
				],
				[
					0.333616833290229658655766739007,
					0.425818506459371590413594272895,
					0.841057910076416335537803744550
				]
			],
			"M5":[
				[
					0.487075487073902108788314569499,
					0.535939822338867106079788658027,
					0.689583915649940737939326716926
				],
				[
					-0.725422924371249823240403899009,
					0.687942889436373761537954133282,
					-0.0222746867676559182685560239124
				],
				[
					-0.486332243109980297942894031713,
					-0.489390526783382668773312151698,
					0.723863151159318394921011581717
				]
			]
		},
		"relative_A1i":{
			"A12":[
				[
					0.912091571737768960041807274138,
					-0.399276941930784223385256530981,
					-0.0930961245558987922661849744467
				],
				[
					0.353550607801221714709751004197,
					0.880963670903283050298715462064,
					-0.314491618762724263967579987902
				],
				[
					0.207583555438076457617913676630,
					0.253930963434972144692661938217,
					0.944684144738691947943285148068
				]
			],
			"A13":[
				[
					0.837590041782225761157986747512,
					0.375424149873508042540483586700,
					0.396862229998022203920892515644
				],
				[
					-0.463014058262110487447570686532,
					0.873395720869995481336959841914,
					0.150989723549756506802708019229
				],
				[
					-0.289932584851893214595767400187,
					-0.310220280539062614669466733263,
					0.905374217538452455827740636179
				]
			],
			"A14":[
				[
					0.787681987675713509393570040175,
					-0.616081817972429332881466103249,
					-0.000529013254617067821396623622572
				],
				[
					0.517935222625992316174970348611,
					0.662662654086147037167265341835,
					-0.540944832716671037559100507881
				],
				[
					0.333616833290229658655766739007,
					0.425818506459371590413594272895,
					0.841057910076416335537803744550
				]
			],
			"A15":[
				[
					0.487075487073902108788314569499,
					0.535939822338867106079788658027,
					0.689583915649940737939326716926
				],
				[
					-0.725422924371249823240403899009,
					0.687942889436373761537954133282,
					-0.0222746867676559182685560239124
				],
				[
					-0.486332243109980297942894031713,
					-0.489390526783382668773312151698,
					0.723863151159318394921011581717
				]
			]
		},
		"relativeAxisAngle":{
			"A12":{
				"phi":0.5178818603109236473481978433656799139328,
				"S":[
					0.5741168309922364007358074764837450011537,
					-0.3036917786666365043032330723410225349889,
					0.7603690998072755257865621154718014846365
				]
			},
			"A13":{
				"phi":0.6297411351689068942557234776859893049518,
				"S":[
					-0.3915623617535056997809388014912044237887,
					0.5830814539116236667991779393961168386651,
					-0.7118250732886021502916433693409803973802
				]
			},
			"A14":{
				"phi":0.8688550066406251888774788729309944643251,
				"S":[
					0.6330381453258910470245922732053308707738,
					-0.2187992225122859987747213170449531226792,
					0.7425561303971405547252853342050519331791
				]
			},
			"A15":{
				"phi":1.104657113296614815231260558287963621404,
				"S":[
					-0.2614522218989160477277531208965874392357,
					0.6581791199036813816922402761593426840189,
					-0.7060049445909960273354010771631076138996
				]
			}
		}
	},
	"elimination":{
		"M_955":"{{-0.087908428262231039958192725861755422327338780073993018574392529865187571347314078672262153971781`78.8773484042586*x + 0.35355060780122171470975100419711606152000713962735971348819228622414331894902806038133990647818`79.27702057944556*y + 0.207583555438076457617913676629824161059039678680035781717955686251300194778832057086620792709019`79.43880964365484*z, -0.399276941930784223385256530981237355616369938739896939511783763850386021486670660901395004127068`79.33709432561635*x - 0.119036329096716949701284537936281180426242983102759893767623828120155818709560928256406124275238`79.01362082049928*y + 0.253930963434972144692661938217238476043645594126874576705596064110142206263897329961478046186209`79.48261790257516*z, -0.093096124555898792266184974446698123140343746331152928766965197618587229082125266221662634645089`78.81412849913099*x - 0.314491618762724263967579987901981436842604910774957633738417214272458950630846856551494667646864`79.33093838014729*y - 0.055315855261308052056714851932360379281742845091377004142646474168156177834222231903979703956625`79.20451517562685*z}, {-0.162409958217774238842013252488195431702944513336921764608976980341453311969975054026173158725212`79.00160795567669*x - 0.463014058262110487447570686532495198860832631030562642470616981131408692732801178534762597099623`79.31265564329071*y - 0.289932584851893214595767400186803045635081663557728961047538151425941612447705828486938489620407`79.45825945860467*z, 0.375424149873508042540483586700397670450468689148591657795153896345385201090929301565517046124385`79.2028745816901*x - 0.126604279130004518663040158086427332694334219068214674012642720101839371294369972942613494213863`78.85093752751924*y - 0.310220280539062614669466733262524492709668826364931798956759680512724974551074208288051429795372`79.4451444306642*z, 0.396862229998022203920892515644413119851934124658737122295936939850283860074121409383704360864042`79.28097813378334*x + 0.150989723549756506802708019228757189987387642284149929287290354653508207332206167279942754999567`78.86318143710201*y - 0.094625782461547544172259363820900734589214581724896998572493705960869384183686514658330202948977`79.20404798299658*z}, {-0.212318012324286490606429959824714869954165792800210074648869240927165437521693930916749465430016`78.83425610421831*x + 0.51793522262599231617497034861138335473093104999242849675254807952484313023237086274031221615706`79.20246125511731*y + 0.333616833290229658655766739007281317468668382461073009401351099273272146779034013869311974171155`79.38470776814836*z, -0.616081817972429332881466103248738712584128609492589221260726660059775197263482833803326241581202`79.30966027969556*x - 0.337337345913852962832734658165416706970614890553041840067182656903100628055134320879011106250019`79.05701389878953*y + 0.425818506459371590413594272894828210572793638310905332479425284227836681951748034465040091667903`79.4611629171812*z, -0.000529013254617067821396623622571971157522198967717495683320590411370928506995910676288357426083`76.21916502439802*x - 0.540944832716671037559100507881002606918540699049882667001450210032188382183252846352421291793518`79.22483246140477*y - 0.158942089923583664462196255449723850791849336044556264167387237996655340628147390887591552206224`79.19874039976703*z}, {-0.512924512926097891211685430500943983656576318001404856029695200729321310678334258648165615740138`79.07941385677148*x - 0.725422924371249823240403899009444364968600001577369920275062858719707097145104182320454395882209`79.30495074503514*y - 0.486332243109980297942894031712638738427462597569151320547349600501220030798591379050573954330487`79.42454425443317*z, 0.535939822338867106079788658026927226380969724622670109985983696390268988744257664396667188618098`79.08662659540352*x - 0.312057110563626238462045866717673409964228376496502024882611502410450034377144319894956147949307`78.81757765598604*y - 0.489390526783382668773312151697966250641577798064108689443001853019300922253144143943997163555336`79.39218971108379*z, 0.689583915649940737939326716925811852583238073315041801478934098952844783007229148232948896179369`79.16906076446821*x - 0.022274686767655918268556023912353984978009968296209638361549970569867504902101144963737927892608`77.67849652308936*y - 0.27613684884068160507898841828306611729059818901290936246309882401909072495975004245605935281963`79.2003330193893*z}}",
		"Rj_956":{
			"R1":"-0.004533961163230491209717184342320776761776180056356264882782917327728449056141459557940737334119`77.36132605831935*x^3 - 0.007368304021574356344755659017321731160206653249733801326171231766397856012287014796426910987814`77.05940217575862*x^2*y - 0.001419570247382756106558257645753399130100347362051357716346901094611138389874170213729981598791`76.25463198638401*x*y^2 - 0.007016542864997162657964636282261471937548681576269916867603329382455391199864078767001750167739`77.35463779765534*y^3 + 0.001645510167429892607030914700848696708989875184083378252091716052618807562886330298108841690631`76.62873836248846*x^2*z + 0.00305189779906726875836571923463463713580504214499774696085509792967881015652955503115845175959`76.51165185404419*x*y*z - 0.004092822463578106997385503176988949297819450146302361312870751124692556278944178502761271488031`76.84714488884401*y^2*z + 0.002097013034377386159095001388066676923278683659713255749165005536734773010482356699517914316119`76.90002336592919*x*z^2 + 0.002344046416101459840370525398318263435994222317739778196920974499300254027055212993937876383023`76.85154945788757*y*z^2 - 0.000014148364253806358921330913950758687034890942748335673254072152822464253844944543029011224573`75.40745803012503*z^3",
			"R2":"0.022675423639276979103870120177010675212227139903960682391214885197053517011830939087852343923113`77.74938113825004*x^3 + 0.01758865082787349130958036413122629071407423744067342146138655325594555115018168628870493982844`77.24698813539737*x^2*y + 0.022700101121485861780046358561879162581779849021952772106443536223961865491789595081691299319867`77.43880544423357*x*y^2 + 0.015364857263061953659120997934706464147512800702826478289834889716876529647448944982407678010883`77.74784134710045*y^3 - 0.012468206460652482054842645865566120137052132292510482559038929455605337755440541914827350541789`77.23430567299174*x^2*z + 0.010553830920663649011021492876378221591781466031623908574108243572964230072499673471271334864937`76.92690389453185*x*y*z + 0.014489406618451438094159119021050427734716322538757199851549630478723212241382218647184671972942`77.40968090890568*y^2*z + 0.001482283790905505163877108470298403674132112914745494233331158263543850158903910662549684497912`76.5325033335666*x*z^2 + 0.001684053824149657685601493981122836958033199606659157629361365611259733936191097165193224246815`76.64435149396024*y*z^2 + 0.000021840928106334386866630602492219028980438448044261641514890039879099059532820021356001292191`75.43976333652505*z^3",
			"R3":"0.018767266744713003745990946724163157213980973006868258989239283943405953111289038834536115574518`77.67177973144103*x^3 + 0.020635996580853054051274524960887426375000572352795747117559239140935470982585846904396117078088`77.2448461085999*x^2*y + 0.012606620786642612673521763797016787985408285509748719786303339355147847678317622896760983030015`77.04824642878609*x*y^2 + 0.022680231444986773036109902662503361053091127656208578589830941865636385502871538745650177640772`77.7987167848346*y^3 - 0.011490409799983932673009412726886691049543513787172388553703247800207211220218491960937044643201`77.1553880499704*x^2*z - 0.007180007492994431328150234906690701961219504766933385168812212626030059965649750561600143467567`76.66498036447554*x*y*z + 0.013973584057515038562531291208635049147957913543943786557209805553650558957695526515552445703056`77.27208898385919*y^2*z - 0.00433855885384653414977492601222517340262840060302373001214519281177106992476311684316622778236`76.93320547930792*x*z^2 - 0.00484931384047406726070116186245682501459134376407712101286567435778346243733653503672207688486`76.9967272284977*y*z^2 + 0.000042296850026095471355479008395267679740585168374533925484075933713491333510695106153516361827`75.64075292160284*z^3",
			"R4":"-0.046548320451153937412393856053888495524229563151389569428002639162946056933276381122157751455518`77.79327616355476*x^3 - 0.039525188719076701924675122201632922422695222553380211047762352833154487926118617248584891506218`77.34047673918133*x^2*y - 0.047266057361666705483825515091508118079094095486375120823143692389972681272011978845335719183754`77.46750311897024*x*y^2 - 0.037814404590819024221950815489164199639272693991752512285230949892538084741913488957258638379797`77.83566686135252*y^3 + 0.031436782770077775903855386451346510164019893213047458840131919784260314024948560498777888509228`77.35710357531144*x^2*z - 0.014202793370357348643181723445707592346105702812708651880935960817874419203414052235666215221415`76.77680605351372*x*y*z - 0.03237218656219207925061020133091934255802832232084979266290662878858598905617895109493928076662`77.46735995568451*y^2*z - 0.001237143059558330972713184248969682848921460229644897501492048575416004695898129697509001207381`76.16527125478359*x*z^2 - 0.001420609923172974048615460927760727392454845932382415788626936432218173683146404664475582477702`76.27418829042064*y*z^2 - 0.000061030511687146113124618317207851585264430990360269817656375000942745309058041372789622038793`75.57623397656972*z^3"
		},
		"Rj_dehomogenized_957":{
			"R1":"-0.000014148364253806358921330913950758687034890942748335673254072152822464253844944543029011224573`75.40745803012503 + 0.002097013034377386159095001388066676923278683659713255749165005536734773010482356699517914316119`76.90002336592919*x + 0.001645510167429892607030914700848696708989875184083378252091716052618807562886330298108841690631`76.62873836248846*x^2 - 0.004533961163230491209717184342320776761776180056356264882782917327728449056141459557940737334119`77.36132605831935*x^3 + 0.002344046416101459840370525398318263435994222317739778196920974499300254027055212993937876383023`76.85154945788757*y + 0.00305189779906726875836571923463463713580504214499774696085509792967881015652955503115845175959`76.51165185404419*x*y - 0.007368304021574356344755659017321731160206653249733801326171231766397856012287014796426910987814`77.05940217575862*x^2*y - 0.004092822463578106997385503176988949297819450146302361312870751124692556278944178502761271488031`76.84714488884401*y^2 - 0.001419570247382756106558257645753399130100347362051357716346901094611138389874170213729981598791`76.25463198638401*x*y^2 - 0.007016542864997162657964636282261471937548681576269916867603329382455391199864078767001750167739`77.35463779765534*y^3",
			"R2":"0.000021840928106334386866630602492219028980438448044261641514890039879099059532820021356001292191`75.43976333652505 + 0.001482283790905505163877108470298403674132112914745494233331158263543850158903910662549684497912`76.5325033335666*x - 0.012468206460652482054842645865566120137052132292510482559038929455605337755440541914827350541789`77.23430567299174*x^2 + 0.022675423639276979103870120177010675212227139903960682391214885197053517011830939087852343923113`77.74938113825004*x^3 + 0.001684053824149657685601493981122836958033199606659157629361365611259733936191097165193224246815`76.64435149396024*y + 0.010553830920663649011021492876378221591781466031623908574108243572964230072499673471271334864937`76.92690389453185*x*y + 0.01758865082787349130958036413122629071407423744067342146138655325594555115018168628870493982844`77.24698813539737*x^2*y + 0.014489406618451438094159119021050427734716322538757199851549630478723212241382218647184671972942`77.40968090890568*y^2 + 0.022700101121485861780046358561879162581779849021952772106443536223961865491789595081691299319867`77.43880544423357*x*y^2 + 0.015364857263061953659120997934706464147512800702826478289834889716876529647448944982407678010883`77.74784134710045*y^3",
			"R3":"0.000042296850026095471355479008395267679740585168374533925484075933713491333510695106153516361827`75.64075292160284 - 0.00433855885384653414977492601222517340262840060302373001214519281177106992476311684316622778236`76.93320547930792*x - 0.011490409799983932673009412726886691049543513787172388553703247800207211220218491960937044643201`77.1553880499704*x^2 + 0.018767266744713003745990946724163157213980973006868258989239283943405953111289038834536115574518`77.67177973144103*x^3 - 0.00484931384047406726070116186245682501459134376407712101286567435778346243733653503672207688486`76.9967272284977*y - 0.007180007492994431328150234906690701961219504766933385168812212626030059965649750561600143467567`76.66498036447554*x*y + 0.020635996580853054051274524960887426375000572352795747117559239140935470982585846904396117078088`77.2448461085999*x^2*y + 0.013973584057515038562531291208635049147957913543943786557209805553650558957695526515552445703056`77.27208898385919*y^2 + 0.012606620786642612673521763797016787985408285509748719786303339355147847678317622896760983030015`77.04824642878609*x*y^2 + 0.022680231444986773036109902662503361053091127656208578589830941865636385502871538745650177640772`77.7987167848346*y^3",
			"R4":"-0.000061030511687146113124618317207851585264430990360269817656375000942745309058041372789622038793`75.57623397656972 - 0.001237143059558330972713184248969682848921460229644897501492048575416004695898129697509001207381`76.16527125478359*x + 0.031436782770077775903855386451346510164019893213047458840131919784260314024948560498777888509228`77.35710357531144*x^2 - 0.046548320451153937412393856053888495524229563151389569428002639162946056933276381122157751455518`77.79327616355476*x^3 - 0.001420609923172974048615460927760727392454845932382415788626936432218173683146404664475582477702`76.27418829042064*y - 0.014202793370357348643181723445707592346105702812708651880935960817874419203414052235666215221415`76.77680605351372*x*y - 0.039525188719076701924675122201632922422695222553380211047762352833154487926118617248584891506218`77.34047673918133*x^2*y - 0.03237218656219207925061020133091934255802832232084979266290662878858598905617895109493928076662`77.46735995568451*y^2 - 0.047266057361666705483825515091508118079094095486375120823143692389972681272011978845335719183754`77.46750311897024*x*y^2 - 0.037814404590819024221950815489164199639272693991752512285230949892538084741913488957258638379797`77.83566686135252*y^3"
		},
		"D_958":"{{-0.007016542864997162657964636282261471937548681576269916867603329382455391199864078767001750167739`77.35463779765534, -0.004092822463578106997385503176988949297819450146302361312870751124692556278944178502761271488031`76.84714488884401 - 0.001419570247382756106558257645753399130100347362051357716346901094611138389874170213729981598791`76.25463198638401*x, 0.002344046416101459840370525398318263435994222317739778196920974499300254027055212993937876383023`76.85154945788757 + 0.00305189779906726875836571923463463713580504214499774696085509792967881015652955503115845175959`76.51165185404419*x - 0.007368304021574356344755659017321731160206653249733801326171231766397856012287014796426910987814`77.05940217575862*x^2, -0.000014148364253806358921330913950758687034890942748335673254072152822464253844944543029011224573`75.40745803012503 + 0.002097013034377386159095001388066676923278683659713255749165005536734773010482356699517914316119`76.90002336592919*x + 0.001645510167429892607030914700848696708989875184083378252091716052618807562886330298108841690631`76.62873836248846*x^2 - 0.004533961163230491209717184342320776761776180056356264882782917327728449056141459557940737334119`77.36132605831935*x^3}, {0.015364857263061953659120997934706464147512800702826478289834889716876529647448944982407678010883`77.74784134710045, 0.014489406618451438094159119021050427734716322538757199851549630478723212241382218647184671972942`77.40968090890568 + 0.022700101121485861780046358561879162581779849021952772106443536223961865491789595081691299319867`77.43880544423357*x, 0.001684053824149657685601493981122836958033199606659157629361365611259733936191097165193224246815`76.64435149396024 + 0.010553830920663649011021492876378221591781466031623908574108243572964230072499673471271334864937`76.92690389453185*x + 0.01758865082787349130958036413122629071407423744067342146138655325594555115018168628870493982844`77.24698813539737*x^2, 0.000021840928106334386866630602492219028980438448044261641514890039879099059532820021356001292191`75.43976333652505 + 0.001482283790905505163877108470298403674132112914745494233331158263543850158903910662549684497912`76.5325033335666*x - 0.012468206460652482054842645865566120137052132292510482559038929455605337755440541914827350541789`77.23430567299174*x^2 + 0.022675423639276979103870120177010675212227139903960682391214885197053517011830939087852343923113`77.74938113825004*x^3}, {0.022680231444986773036109902662503361053091127656208578589830941865636385502871538745650177640772`77.7987167848346, 0.013973584057515038562531291208635049147957913543943786557209805553650558957695526515552445703056`77.27208898385919 + 0.012606620786642612673521763797016787985408285509748719786303339355147847678317622896760983030015`77.04824642878609*x, -0.00484931384047406726070116186245682501459134376407712101286567435778346243733653503672207688486`76.9967272284977 - 0.007180007492994431328150234906690701961219504766933385168812212626030059965649750561600143467567`76.66498036447554*x + 0.020635996580853054051274524960887426375000572352795747117559239140935470982585846904396117078088`77.2448461085999*x^2, 0.000042296850026095471355479008395267679740585168374533925484075933713491333510695106153516361827`75.64075292160284 - 0.00433855885384653414977492601222517340262840060302373001214519281177106992476311684316622778236`76.93320547930792*x - 0.011490409799983932673009412726886691049543513787172388553703247800207211220218491960937044643201`77.1553880499704*x^2 + 0.018767266744713003745990946724163157213980973006868258989239283943405953111289038834536115574518`77.67177973144103*x^3}, {-0.037814404590819024221950815489164199639272693991752512285230949892538084741913488957258638379797`77.83566686135252, -0.03237218656219207925061020133091934255802832232084979266290662878858598905617895109493928076662`77.46735995568451 - 0.047266057361666705483825515091508118079094095486375120823143692389972681272011978845335719183754`77.46750311897024*x, -0.001420609923172974048615460927760727392454845932382415788626936432218173683146404664475582477702`76.27418829042064 - 0.014202793370357348643181723445707592346105702812708651880935960817874419203414052235666215221415`76.77680605351372*x - 0.039525188719076701924675122201632922422695222553380211047762352833154487926118617248584891506218`77.34047673918133*x^2, -0.000061030511687146113124618317207851585264430990360269817656375000942745309058041372789622038793`75.57623397656972 - 0.001237143059558330972713184248969682848921460229644897501492048575416004695898129697509001207381`76.16527125478359*x + 0.031436782770077775903855386451346510164019893213047458840131919784260314024948560498777888509228`77.35710357531144*x^2 - 0.046548320451153937412393856053888495524229563151389569428002639162946056933276381122157751455518`77.79327616355476*x^3}}",
		"P_959_degree":6,
		"P_959_equation":"2.43025751881786327475660087818383542229085879511103934807050359394503248433801940478`72.29033458355315*^-13 + 5.1669652784066723571971858794733943032601858916514812979687563894081659642963555095`71.45788385802209*^-13*x - 5.6153119808236092218249392644142750207435350983084720112757493609146728931801709436057`72.71256707181129*^-11*x^2 - 6.42840811023693738254984727816639938327652537256974933637532633732429510013813242439219`73.26637899374116*^-10*x^3 + 1.585578888515419582175277876246690114245564059162968422667049889895496724479470193882925`73.39592927052627*^-9*x^4 + 3.367479896215962232389357084273833918310352231745692543082979035303143007419339793684748`73.71540646390383*^-9*x^5 + 1.426268508214444497981509506812072116183385796416066961259974048526448044008510115176945`73.70355325961711*^-9*x^6",
		"P_959_coefficients":{
			"x^6":1.426268508214444497981509506812072116183e-9,
			"x^5":3.367479896215962232389357084273833918310e-9,
			"x^4":1.585578888515419582175277876246690114246e-9,
			"x^3":-6.428408110236937382549847278166399383277e-10,
			"x^2":-5.615311980823609221824939264414275020744e-11,
			"x^1":5.166965278406672357197185879473394303260e-13,
			"x^0":2.430257518817863274756600878183835422291e-13
		}
	},
	"roots":{
		"allRootsSorted":[
			{
				"rootId":1,
				"realPart":-1.294083661789626628906216335016833537623,
				"imagPart":-0.2188362540415963003374599334228881819752
			},
			{
				"rootId":2,
				"realPart":-1.294083661789626628906216335016833537623,
				"imagPart":0.2188362540415963003374599334228881819752
			},
			{
				"rootId":3,
				"realPart":-0.06423858321342326259735215725368026800019,
				"imagPart":-0.04201801609255440051106647390571632098037
			},
			{
				"rootId":4,
				"realPart":-0.06423858321342326259735215725368026800019,
				"imagPart":0.04201801609255440051106647390571632098037
			},
			{
				"rootId":5,
				"realPart":0.05604395604395604395604395604395604395604,
				"imagPart":0
			},
			{
				"rootId":6,
				"realPart":0.2995585023802126324199939747113866917570,
				"imagPart":0
			}
		],
		"rootGroupsWithMultiplicity":[
			{
				"groupId":1,
				"representativeRealPart":-1.294083661789626628906216335016833537623,
				"representativeImagPart":-0.2188362540415963003374599334228881819752,
				"multiplicity":1,
				"isReal":false
			},
			{
				"groupId":2,
				"representativeRealPart":-1.294083661789626628906216335016833537623,
				"representativeImagPart":0.2188362540415963003374599334228881819752,
				"multiplicity":1,
				"isReal":false
			},
			{
				"groupId":3,
				"representativeRealPart":-0.06423858321342326259735215725368026800019,
				"representativeImagPart":-0.04201801609255440051106647390571632098037,
				"multiplicity":1,
				"isReal":false
			},
			{
				"groupId":4,
				"representativeRealPart":-0.06423858321342326259735215725368026800019,
				"representativeImagPart":0.04201801609255440051106647390571632098037,
				"multiplicity":1,
				"isReal":false
			},
			{
				"groupId":5,
				"representativeRealPart":0.05604395604395604395604395604395604395604,
				"representativeImagPart":0,
				"multiplicity":1,
				"isReal":true
			},
			{
				"groupId":6,
				"representativeRealPart":0.2995585023802126324199939747113866917570,
				"representativeImagPart":0,
				"multiplicity":1,
				"isReal":true
			}
		]
	},
	"solutions":{
		"numCandidatesFromRealRoots":2,
		"numUniqueGeometricSolutions":2,
		"numValidatedSolutions":2,
		"validated":[
			{
				"solutionId":1,
				"rootGroupId":5,
				"rootRepresentative_x":0.05604395604395604395604395604395604395604,
				"rootMultiplicity":1,
				"x":0.05604395604395604395604395604395604395604,
				"y":-0.04065934065934065934065934065934065934066,
				"RxyResiduals":[
					0.e-63,
					0.e-63,
					0.e-63,
					0.e-63
				],
				"maxRxyResidual":0.e-63,
				"G_homogeneous":[
					0.0560439560439560439560439560440,
					-0.0406593406593406593406593406593,
					1.00000000000000000000000000000
				],
				"G_axis":[
					0.0559100967930470171862313818309,
					-0.0405622270851517575664815907401,
					0.997611531013191875283736420905
				],
				"W1_axis":[
					0.720480498584683290092393361490,
					-0.631654135745475761176892810074,
					-0.286218280259668704283279554565
				],
				"eq925Residuals":[
					0.e-60,
					0.e-60,
					0.e-60,
					0.e-60
				],
				"maxEq925Residual":0.e-60,
				"matrixResiduals_MW":[
					0.e-60,
					0.e-60,
					0.e-60,
					0.e-60
				],
				"maxMatrixResidual_MW":0.e-60
			},
			{
				"solutionId":2,
				"rootGroupId":6,
				"rootRepresentative_x":0.2995585023802126324199939747113866917570,
				"rootMultiplicity":1,
				"x":0.2995585023802126324199939747113866917570,
				"y":-0.9353981313836982425458201799219663758720,
				"RxyResiduals":[
					0.e-61,
					0.e-61,
					0.e-60,
					0.e-60
				],
				"maxRxyResidual":0.e-60,
				"G_homogeneous":[
					0.299558502380212632419993974711,
					-0.935398131383698242545820179922,
					1.00000000000000000000000000000
				],
				"G_axis":[
					0.213714003423542880651331148967,
					-0.667341029763794885822649815823,
					0.713429936808429514479840096950
				],
				"W1_axis":[
					0.718242507943588705801972890000,
					-0.147055825169699662374981940079,
					0.680075204713833573030510199025
				],
				"eq925Residuals":[
					0.e-59,
					0.e-59,
					0.e-59,
					0.e-58
				],
				"maxEq925Residual":0.e-58,
				"matrixResiduals_MW":[
					0.e-59,
					0.e-59,
					0.e-59,
					0.e-59
				],
				"maxMatrixResidual_MW":0.e-59
			}
		]
	}
}