{
	"precisionDigits":70,
	"solvePrecisionDigits":50,
	"taskData":{
		"generationDescription":"Synthetic 4-orientation task generated from known RR dyad (deterministic).",
		"G_true":[
			0.053838960853104859916,
			-0.038285483273319011496,
			0.99781540781087673712
		],
		"W1_true":[
			-0.60966477653402209078,
			0.72959883093415758405,
			0.30982964053368335761
		],
		"beta_deg":[
			0,
			35,
			-25,
			60
		],
		"alpha_deg":[
			0,
			-20,
			30,
			-40
		],
		"orientations_Ai":{
			"M1":[
				[
					1.0000000000000000000,
					0,
					0
				],
				[
					0,
					1.0000000000000000000,
					0
				],
				[
					0,
					0,
					1.0000000000000000000
				]
			],
			"M2":[
				[
					0.86175168424739826792,
					-0.49439209178767058301,
					-0.11384416662518945776
				],
				[
					0.43246592030058901124,
					0.83317628200538235710,
					-0.34465999315593935754
				],
				[
					0.26524943444866567571,
					0.24777760730441134178,
					0.93179879525741174571
				]
			],
			"M3":[
				[
					0.86216855065845690328,
					0.19479867956199434862,
					0.46767388712263942024
				],
				[
					-0.30745092369794878780,
					0.93488334288743939482,
					0.17738958455581458741
				],
				[
					-0.40266527013485270900,
					-0.29672648960365817997,
					0.86591805073847272760
				]
			],
			"M4":[
				[
					0.68739942838798395557,
					-0.72561780350122126539,
					0.030997243328011629991
				],
				[
					0.55647762097162603426,
					0.49878184259766159797,
					-0.66449178388648331210
				],
				[
					0.46670620652572452210,
					0.47402054463593091622,
					0.74665242251895439450
				]
			]
		},
		"relative_A1i":{
			"A12":[
				[
					0.86175168424739826792,
					-0.49439209178767058301,
					-0.11384416662518945776
				],
				[
					0.43246592030058901124,
					0.83317628200538235710,
					-0.34465999315593935754
				],
				[
					0.26524943444866567571,
					0.24777760730441134178,
					0.93179879525741174571
				]
			],
			"A13":[
				[
					0.86216855065845690328,
					0.19479867956199434862,
					0.46767388712263942024
				],
				[
					-0.30745092369794878780,
					0.93488334288743939482,
					0.17738958455581458741
				],
				[
					-0.40266527013485270900,
					-0.29672648960365817997,
					0.86591805073847272760
				]
			],
			"A14":[
				[
					0.68739942838798395557,
					-0.72561780350122126539,
					0.030997243328011629991
				],
				[
					0.55647762097162603426,
					0.49878184259766159797,
					-0.66449178388648331210
				],
				[
					0.46670620652572452210,
					0.47402054463593091622,
					0.74665242251895439450
				]
			]
		},
		"relativeAxisAngle":{
			"A12":{
				"phi":0.6208859301715984150627153612828118697517,
				"S":[
					0.5091805061500292582012085166297501604512,
					-0.3258184009978976743532167616484276064579,
					0.7966037796345013379133965045533075430288
				]
			},
			"A13":{
				"phi":0.5890209749951565056920354185148607437319,
				"S":[
					-0.4267108501360615582361552000779688777619,
					0.7833169595830452986993923626789763046845,
					-0.4520314051100137794872730874532814596405
				]
			},
			"A14":{
				"phi":1.085560646725554427919638271147525716600,
				"S":[
					0.6435435870010462590957045388488488406540,
					-0.2462842975347216336918927067496744460846,
					0.7247038680852031382803736703820614722736
				]
			}
		}
	},
	"centerCone":{
		"equation":"0.004097451308824727738605845619425167953277029939309006177487264992350072705692172828589173067496`67.04163517461654*x^3 + 0.006274419185791359066352406791393292833153781195006783372114656002088744993936862579905901202394`66.76693630204306*x^2*y + 0.035644652004609663665472365563206651012931397472973479325202090050169599343026703579073808964536`67.4987323844127*x*y^2 + 0.009176445182544663683939217287022172554733272863481018224347181103598700927767820083663648471068`67.37459310322329*y^3 - 0.024785294037061119444983363673742477327247199521129379774051737706091262300681238814125281202704`67.53758560068515*x^2*z - 0.007610725969074589188377085551223412925000536502173742719602875782339608502187443687458965752658`66.67773659048854*x*y*z - 0.007553714206094560799255049954354234922063273914467199571524568517010402058739634638888991345879`66.92681157607957*y^2*z + 0.023980428522974191979022969824089969016549345147711942916506914409552745859619972316766105474177`67.67939286209034*x*z^2 + 0.021325866391367932641699144329989044507878333777040127116357139984732419623857094044885201412126`67.56274087908481*y*z^2 - 0.000410382569069582396035754101401169061689935744083776529282034751100895588736819816353103004814`66.57037510570112*z^3",
		"coefficients_946_style":{
			" 3\ny":0.00917644518254466368393921728702,
			"   2\nx y":0.0356446520046096636654723655632,
			" 2\ny  z":-0.00755371420609456079925504995435,
			" 2\nx  y":0.00627441918579135906635240679139,
			"x y z":-0.00761072596907458918837708555122,
			"   2\ny z":0.0213258663913679326416991443300,
			" 3\nx":0.00409745130882472773860584561943,
			" 2\nx  z":-0.0247852940370611194449833636737,
			"   2\nx z":0.0239804285229741919790229698241,
			" 3\nz":-0.000410382569069582396035754101401
		}
	},
	"circlingCone":{
		"equation":"0.0252767547842253028458657527323867859580135289304858347594084274624908020774985162038363225095`67.87094398472641*lam^3 + 0.05294862551683075484830297920423659299484722021739240471400307178304228747375937622683680075607`67.71349381133035*lam^2*mu + 0.068505838011352450770523193942015659675385944673099025722267536223941823235322456216429130297612`67.82466919360161*lam*mu^2 + 0.032374367346140952019580312788121514991167184635076292108154288311912964233582384582225904641204`67.99048666277358*mu^3 - 0.044685204665173605391367469319010182068744357719035275988388430229799122166526778019858889386763`67.77552774147401*lam^2*nu - 0.014187110723222053257506564438192083497375077038732966453558354701423688766623173465373712239215`66.97133112715652*lam*mu*nu + 0.025214660009985209133549205392612118594878463984288557791983482115187366840815848328636035683504`67.51589816216273*mu^2*nu + 0.036449726017696462697465089688266633814577997476812267455339676368980480056624853532719418071724`67.79090741627192*lam*nu^2 + 0.032411274423876907096076204582841258708976442515029631870844117119421227589189617004569701343808`67.74640909892965*mu*nu^2 - 0.002575259968249810628444060221429708813819928206596509184159133686182544955199767496927947661767`67.17307177809823*nu^3",
		"coefficients_954_style":{
			"  3\nmu":0.0323743673461409520195803127881,
			"      2\nlam mu":0.0685058380113524507705231939420,
			"  2\nmu  nu":0.0252146600099852091335492053926,
			"   2\nlam  mu":0.0529486255168307548483029792042,
			"lam mu nu":-0.0141871107232220532575065644382,
			"     2\nmu nu":0.0324112744238769070960762045828,
			"   3\nlam":0.0252767547842253028458657527324,
			"   2\nlam  nu":-0.0446852046651736053913674693190,
			"      2\nlam nu":0.0364497260176964626974650896883,
			"  3\nnu":-0.00257525996824981062844406022143
		}
	},
	"sampling":{
		"numSampledCenterAxes":30,
		"numValidDyads":30
	},
	"dyadSamples":[
		{
			"sampleId":1,
			"G":[
				0,
				0.019369595716489359588,
				0.99981239178246823580
			],
			"W1":[
				0.61900604324909971457,
				-0.75685218470548024595,
				-0.20977675974148162857
			],
			"residuals_925":[
				0.e-51,
				0.e-51,
				0.e-50
			],
			"maxResidual":0.e-50,
			"centerConeResidual":0.e-53,
			"circlingConeResidual":0.e-51
		},
		{
			"sampleId":2,
			"G":[
				0.0014209953410267842690,
				0.017762441762834803363,
				0.99984122561277832230
			],
			"W1":[
				0.61890421765072500424,
				-0.75624348298651739324,
				-0.21225777680585696294
			],
			"residuals_925":[
				0.e-49,
				0.e-49,
				0.e-49
			],
			"maxResidual":0.e-49,
			"centerConeResidual":0.e-52,
			"circlingConeResidual":0.e-50
		},
		{
			"sampleId":3,
			"G":[
				0.0017043035782436039953,
				-0.021303794728045049941,
				-0.99977159575549980014
			],
			"W1":[
				0.61911894559333486300,
				-0.75757561246888957871,
				-0.20681132125631832178
			],
			"residuals_925":[
				0.e-49,
				0.e-49,
				0.e-49
			],
			"maxResidual":0.e-49,
			"centerConeResidual":0.e-52,
			"circlingConeResidual":0.e-50
		},
		{
			"sampleId":4,
			"G":[
				0.0026247773580445331561,
				0.016404858487778332226,
				0.99986198605698409859
			],
			"W1":[
				0.61881244089402145184,
				-0.75572384008152826159,
				-0.21436567012283451285
			],
			"residuals_925":[
				0.e-49,
				0.e-49,
				0.e-49
			],
			"maxResidual":0.e-49,
			"centerConeResidual":0.e-52,
			"circlingConeResidual":0.e-50
		},
		{
			"sampleId":5,
			"G":[
				0.0036581506088598690998,
				0.015242294203582787916,
				0.99987713765318903041
			],
			"W1":[
				0.61872959231430500192,
				-0.75527480802023765444,
				-0.21617968443997479282
			],
			"residuals_925":[
				0.e-49,
				0.e-49,
				0.e-49
			],
			"maxResidual":0.e-49,
			"centerConeResidual":0.e-52,
			"circlingConeResidual":0.e-50
		},
		{
			"sampleId":6,
			"G":[
				0.0037886770411391381343,
				-0.023679231507119613339,
				-0.99971242861210352114
			],
			"W1":[
				0.61924347971746460877,
				-0.75845069194726138897,
				-0.20319955883841481843
			],
			"residuals_925":[
				0.e-49,
				0.e-49,
				0.e-49
			],
			"maxResidual":0.e-49,
			"centerConeResidual":0.e-52,
			"circlingConeResidual":0.e-50
		},
		{
			"sampleId":7,
			"G":[
				0.0045552499703250910942,
				0.014235156157265909669,
				0.99988829877486120510
			],
			"W1":[
				0.61865460679269272120,
				-0.75488275950340603548,
				-0.21775788596214283134
			],
			"residuals_925":[
				0.e-49,
				0.e-49,
				0.e-49
			],
			"maxResidual":0.e-49,
			"centerConeResidual":0.e-52,
			"circlingConeResidual":0.e-50
		},
		{
			"sampleId":8,
			"G":[
				0.0053415895830649553008,
				0.013353973957662388252,
				0.99989656405063427275
			],
			"W1":[
				0.61858652633059048816,
				-0.75453739492358246999,
				-0.21914385481730356689
			],
			"residuals_925":[
				0.e-49,
				0.e-49,
				0.e-49
			],
			"maxResidual":0.e-49,
			"centerConeResidual":0.e-52,
			"circlingConeResidual":0.e-50
		},
		{
			"sampleId":9,
			"G":[
				0.0060366419182418764744,
				0.012576337329670575988,
				0.99990269261249679835
			],
			"W1":[
				0.61852451086398337788,
				-0.75423077650189690207,
				-0.22037097185840006239
			],
			"residuals_925":[
				0.e-49,
				0.e-49,
				0.e-49
			],
			"maxResidual":0.e-49,
			"centerConeResidual":0.e-52,
			"circlingConeResidual":0.e-50
		},
		{
			"sampleId":10,
			"G":[
				0.0061979917113437722557,
				0.012395983422687544511,
				0.99990395763479732788
			],
			"W1":[
				0.61850986704271979250,
				-0.75415941617161495458,
				-0.22065611111067366214
			],
			"residuals_925":[
				0.e-49,
				0.e-49,
				0.e-49
			],
			"maxResidual":0.e-49,
			"centerConeResidual":0.e-52,
			"circlingConeResidual":0.e-50
		},
		{
			"sampleId":11,
			"G":[
				0.0063612368952208394522,
				0.012213574838824011748,
				0.99990517713172148879
			],
			"W1":[
				0.61849495609447135660,
				-0.75408714763951516606,
				-0.22094470586687069434
			],
			"residuals_925":[
				0.e-49,
				0.e-49,
				0.e-49
			],
			"maxResidual":0.e-49,
			"centerConeResidual":0.e-52,
			"circlingConeResidual":0.e-50
		},
		{
			"sampleId":12,
			"G":[
				0.0064013476610722630967,
				-0.026672281921134429569,
				-0.99962373527504918391
			],
			"W1":[
				0.61937876953686506558,
				-0.75953282196892401681,
				-0.19869532505552758036
			],
			"residuals_925":[
				0.e-49,
				0.e-49,
				0.e-49
			],
			"maxResidual":0.e-49,
			"centerConeResidual":0.e-52,
			"circlingConeResidual":0.e-50
		},
		{
			"sampleId":13,
			"G":[
				0.0065333374662148159363,
				0.012021340937835261323,
				0.99990639705104841369
			],
			"W1":[
				0.61847913260378328911,
				-0.75401088255716680548,
				-0.22124907122750651981
			],
			"residuals_925":[
				0.e-49,
				0.e-49,
				0.e-49
			],
			"maxResidual":0.e-49,
			"centerConeResidual":0.e-52,
			"circlingConeResidual":0.e-50
		},
		{
			"sampleId":14,
			"G":[
				0.0066555375626531580480,
				0.011884888504737782229,
				0.99990722231864195320
			],
			"W1":[
				0.61846783245895423209,
				-0.75395668289950675768,
				-0.22146525805348235760
			],
			"residuals_925":[
				0.e-49,
				0.e-49,
				0.e-49
			],
			"maxResidual":0.e-49,
			"centerConeResidual":0.e-52,
			"circlingConeResidual":0.e-50
		},
		{
			"sampleId":15,
			"G":[
				0.0067150361248723256754,
				0.011818463579775293189,
				0.99990761183644120943
			],
			"W1":[
				0.61846231102726890302,
				-0.75393027905737609625,
				-0.22157053991737418685
			],
			"residuals_925":[
				0.e-49,
				0.e-49,
				0.e-49
			],
			"maxResidual":0.e-49,
			"centerConeResidual":0.e-52,
			"circlingConeResidual":0.e-50
		},
		{
			"sampleId":16,
			"G":[
				0.0069071612615674190106,
				0.011604030919433263938,
				0.99990881463747860051
			],
			"W1":[
				0.61844439487675455257,
				-0.75384495502686702063,
				-0.22191059962531245979
			],
			"residuals_925":[
				0.e-49,
				0.e-49,
				0.e-49
			],
			"maxResidual":0.e-49,
			"centerConeResidual":0.e-52,
			"circlingConeResidual":0.e-50
		},
		{
			"sampleId":17,
			"G":[
				0.0071106397200980581130,
				0.011377023552156892981,
				0.99990999701866399090
			],
			"W1":[
				0.61842527492364464493,
				-0.75375448198715996409,
				-0.22227091627084881197
			],
			"residuals_925":[
				0.e-49,
				0.e-49,
				0.e-49
			],
			"maxResidual":0.e-49,
			"centerConeResidual":0.e-52,
			"circlingConeResidual":0.e-50
		},
		{
			"sampleId":18,
			"G":[
				0.0072102185037396658542,
				0.011265966412093227897,
				0.99991054137354203481
			],
			"W1":[
				0.61841586351302691451,
				-0.75371016592391823649,
				-0.22244730957774451757
			],
			"residuals_925":[
				0.e-49,
				0.e-49,
				0.e-49
			],
			"maxResidual":0.e-49,
			"centerConeResidual":0.e-52,
			"circlingConeResidual":0.e-50
		},
		{
			"sampleId":19,
			"G":[
				0.0073265119200824570480,
				0.011136298118525334713,
				0.99991114859636414535
			],
			"W1":[
				0.61840482703992218687,
				-0.75365837782070858251,
				-0.22265336160584236424
			],
			"residuals_925":[
				0.e-49,
				0.e-49,
				0.e-49
			],
			"maxResidual":0.e-49,
			"centerConeResidual":0.e-52,
			"circlingConeResidual":0.e-50
		},
		{
			"sampleId":20,
			"G":[
				0.0075559498646005492352,
				0.010880567805024790899,
				0.99991225658348837991
			],
			"W1":[
				0.61838290958744614799,
				-0.75355609807904690123,
				-0.22306004612670161017
			],
			"residuals_925":[
				0.e-49,
				0.e-49,
				0.e-49
			],
			"maxResidual":0.e-49,
			"centerConeResidual":0.e-52,
			"circlingConeResidual":0.e-50
		},
		{
			"sampleId":21,
			"G":[
				0.0077102404789309757788,
				0.010708667331848577471,
				0.99991293452766819047
			],
			"W1":[
				0.61836806362048700647,
				-0.75348723871421164496,
				-0.22333364947782044890
			],
			"residuals_925":[
				0.e-49,
				0.e-49,
				0.e-49
			],
			"maxResidual":0.e-49,
			"centerConeResidual":0.e-52,
			"circlingConeResidual":0.e-50
		},
		{
			"sampleId":22,
			"G":[
				0.0078002786986945443849,
				0.010608379030224580363,
				0.99991330521529404416
			],
			"W1":[
				0.61835936024188659384,
				-0.75344702553859448855,
				-0.22349335853284156543
			],
			"residuals_925":[
				0.e-49,
				0.e-49,
				0.e-49
			],
			"maxResidual":0.e-49,
			"centerConeResidual":0.e-52,
			"circlingConeResidual":0.e-50
		},
		{
			"sampleId":23,
			"G":[
				0.0080610026664638266551,
				0.010318083413073698118,
				0.99991427502096004255
			],
			"W1":[
				0.61833399210388038645,
				-0.75333045757623535158,
				-0.22395601330810087689
			],
			"residuals_925":[
				0.e-49,
				0.e-49,
				0.e-49
			],
			"maxResidual":0.e-49,
			"centerConeResidual":0.e-52,
			"circlingConeResidual":0.e-50
		},
		{
			"sampleId":24,
			"G":[
				0.0081633435220748148583,
				0.010204179402593518573,
				0.99991461362721381388
			],
			"W1":[
				0.61832396706080926240,
				-0.75328465180073658928,
				-0.22413769232243446172
			],
			"residuals_925":[
				0.e-49,
				0.e-49,
				0.e-49
			],
			"maxResidual":0.e-49,
			"centerConeResidual":0.e-52,
			"circlingConeResidual":0.e-50
		},
		{
			"sampleId":25,
			"G":[
				0.0083398365548712066710,
				0.010007803865845448005,
				0.99991514189356128725
			],
			"W1":[
				0.61830658890455967966,
				-0.75320559081265538480,
				-0.22445110845296928280
			],
			"residuals_925":[
				0.e-49,
				0.e-49,
				0.e-49
			],
			"maxResidual":0.e-49,
			"centerConeResidual":0.e-52,
			"circlingConeResidual":0.e-50
		},
		{
			"sampleId":26,
			"G":[
				0.0085758655740175856280,
				0.0097453017886563473045,
				0.99991573826133189403
			],
			"W1":[
				0.61828317163736467839,
				-0.75309972929686523231,
				-0.22487044581943034122
			],
			"residuals_925":[
				0.e-49,
				0.e-49,
				0.e-49
			],
			"maxResidual":0.e-49,
			"centerConeResidual":0.e-52,
			"circlingConeResidual":0.e-50
		},
		{
			"sampleId":27,
			"G":[
				0.0086387440325737602868,
				0.0096753933164826115212,
				0.99991587589442294786
			],
			"W1":[
				0.61827689905085314496,
				-0.75307150230511471255,
				-0.22498219599776946716
			],
			"residuals_925":[
				0.e-49,
				0.e-49,
				0.e-49
			],
			"maxResidual":0.e-49,
			"centerConeResidual":0.e-52,
			"circlingConeResidual":0.e-50
		},
		{
			"sampleId":28,
			"G":[
				0.0089530475060789189517,
				0.0093260911521655405747,
				0.99991642999011442070
			],
			"W1":[
				0.61824532903781711879,
				-0.75293024710419062554,
				-0.22554102978957883849
			],
			"residuals_925":[
				0.e-49,
				0.e-49,
				0.e-49
			],
			"maxResidual":0.e-49,
			"centerConeResidual":0.e-52,
			"circlingConeResidual":0.e-50
		},
		{
			"sampleId":29,
			"G":[
				0.0089599847228008087193,
				0.0093183841117128410681,
				0.99991643970449538449
			],
			"W1":[
				0.61824462817112037008,
				-0.75292712634624030116,
				-0.22555336873907649765
			],
			"residuals_925":[
				0.e-49,
				0.e-49,
				0.e-49
			],
			"maxResidual":0.e-49,
			"centerConeResidual":0.e-52,
			"circlingConeResidual":0.e-50
		},
		{
			"sampleId":30,
			"G":[
				0.0092992615407400797103,
				0.0089415976353269997214,
				0.99991678232067133710
			],
			"W1":[
				0.61821013664828208438,
				-0.75277434102096874288,
				-0.22615706587625921062
			],
			"residuals_925":[
				0.e-49,
				0.e-49,
				0.e-49
			],
			"maxResidual":0.e-49,
			"centerConeResidual":0.e-52,
			"circlingConeResidual":0.e-50
		}
	]
}